#RANK_NUMEDIT	RANK_NUMEDITOR	RANK_NUMART	RANK_SIZE	3:Num_Edit	4:Num_Editor	6:Num_Article	7:Wiki_Size
742	673	747	746	1326	261	511	629961
836	814	823	835	125	38	81	50544
815	793	814	793	193	51	102	200218
475	343	544	562	36324	1690	3470	4739242
783	810	776	767	389	40	252	381846
361	331	412	463	85364	1867	8313	9231703
792	769	806	808	305	98	128	109056
686	752	719	740	4712	133	814	796799
112	88	152	125	1389722	24470	94791	207672569
735	645	723	750	1636	299	744	581816
702	629	699	738	3382	344	1125	858920
308	518	285	350	118863	745	21488	20893480
615	436	644	656	11777	1107	1797	2182312
819	835	816	814	169	30	94	99927
841	802	824	846	105	44	80	41170
154	106	202	158	630170	16901	46507	131335330
787	796	778	810	339	48	235	105596
833	820	825	837	131	37	79	50356
741	799	694	759	1428	46	1236	451872
204	188	214	209	321721	5560	41797	73770832
770	742	755	752	656	147	425	501420
627	571	661	630	10738	549	1593	2833467
262	208	339	398	172533	4712	13685	13793625
716	701	685	703	2725	229	1316	1212428
737	749	739	791	1591	136	589	218678
856	848	859	849	75	26	38	37878
456	597	530	618	43136	426	3814	3067028
104	128	149	167	1519275	12181	100825	118285864
547	606	468	617	20689	401	5786	3085456
360	351	475	567	85610	1645	5516	4650256
20	14	25	14	17011554	895488	2545318	8685190945
412	227	259	143	57624	3944	27010	146900334
810	777	808	802	218	76	122	131282
425	301	296	229	51606	2255	18727	61720374
464	235	306	210	39557	3832	17429	73600521
242	201	139	51	208793	5103	122039	1134717404
439	408	327	240	48105	1240	15212	55202671
166	222	159	177	531876	4214	83879	111549505
146	98	138	112	677467	19867	122388	248522765
121	119	168	122	972701	13707	70264	213431456
776	764	770	790	523	107	284	238047
769	755	767	797	695	125	308	179778
276	573	284	449	150751	537	21627	9982163
289	250	232	201	138285	3305	35264	85711011
838	825	833	834	121	35	72	51925
641	641	584	365	9053	307	2714	17896478
786	801	773	772	354	45	260	374972
411	380	417	361	57755	1449	8029	18592481
841	820	832	839	105	37	73	49064
380	329	452	417	73000	1917	6539	11825636
857	856	858	854	70	20	46	31481
678	690	649	712	5238	243	1715	1077301
372	517	315	288	78490	755	16362	35556771
64	54	97	86	2993025	60060	266808	423279968
590	561	481	483	14287	582	5371	8041499
546	491	535	587	21179	839	3759	4039772
484	530	367	297	34149	699	11456	32312629
233	459	197	241	224133	996	50505	54162122
165	129	162	190	542233	11829	78055	96220225
205	246	265	399	320719	3596	25814	13713840
162	216	155	117	556084	4500	92260	227096691
845	843	843	823	102	27	65	75870
275	313	360	407	155452	2125	11888	12659432
753	770	754	744	1076	93	434	658644
99	101	122	95	1753606	19027	150696	357671843
350	158	344	301	92816	7521	12810	30817327
81	92	93	68	2209722	21377	287226	701107637
745	710	738	736	1290	211	590	879825
642	656	680	647	8990	282	1409	2387560
724	680	708	700	2127	256	936	1245889
542	664	402	321	21956	272	9006	24525926
490	610	454	503	33367	390	6397	6948932
37	36	64	37	6822156	258108	475614	2041779279
643	416	637	520	8799	1204	1885	6187884
606	591	551	466	12639	448	3372	8997610
373	239	374	324	77852	3705	10671	24463121
645	528	600	302	8558	704	2561	30634526
117	141	43	84	1033800	9599	863397	450255036
211	147	274	289	285657	8697	24292	35338076
797	820	779	771	293	37	233	375166
521	431	638	651	26193	1137	1882	2360512
850	839	848	853	85	29	55	32020
806	843	784	775	247	27	218	364685
424	460	378	294	51670	994	10383	33396418
499	399	620	644	31152	1289	2143	2463054
854	843	848	847	77	27	55	39861
851	828	847	858	84	34	57	28988
817	805	818	813	191	43	87	100230
88	76	70	48	1943296	32944	441184	1348304815
652	599	538	485	7507	423	3691	7992739
224	498	109	58	250872	828	197288	829091529
568	574	441	445	16863	534	6988	10601763
307	254	324	223	119762	3192	15240	66714674
827	839	826	825	143	29	78	69001
812	843	795	776	208	27	171	360719
136	268	183	203	749358	2871	57813	83454917
102	107	143	148	1651382	16771	115662	144367871
481	345	505	437	35432	1680	4357	10912308
719	711	728	748	2599	209	711	601926
363	656	220	247	84584	282	39078	49909797
241	418	213	340	208806	1188	42047	22063406
78	57	85	83	2354320	55839	339894	459633883
712	660	703	715	2976	280	1037	1037799
557	631	525	684	18714	332	3978	1631750
423	305	423	461	51776	2180	7822	9364807
646	591	561	379	8314	448	3063	15945206
428	588	373	509	50891	451	10831	6659275
256	463	303	421	184667	979	18280	11696511
469	415	456	384	38261	1205	6286	15443767
24	32	34	25	16130863	279305	1254421	3241175377
444	332	447	374	46469	1865	6676	16484063
655	775	692	686	6848	79	1239	1619057
369	480	381	378	79054	901	10367	15991646
406	357	462	413	59717	1631	6084	12098194
358	423	227	257	88857	1160	36754	46756049
150	259	113	237	664803	3059	177532	57280329
432	321	493	458	50366	1985	4955	9522623
452	394	406	512	43979	1346	8705	6632591
36	181	15	15	7652284	5836	4032434	7090085418
118	292	127	78	1013857	2373	136828	525127636
771	745	791	786	633	143	204	261921
504	391	564	477	29947	1390	3051	8330977
180	621	111	256	444207	358	195392	47025769
603	470	624	585	13101	939	2094	4118861
836	825	846	836	125	35	61	50454
843	810	838	851	104	40	68	33579
569	478	629	665	16761	906	2011	2052537
183	174	150	171	429079	6406	100659	113055180
815	861	826	860	193	12	78	25015
3	11	1	3	176394761	1416876	43124816	32908846246
248	206	351	448	199008	4917	12356	10323676
752	656	772	763	1149	282	264	396534
650	602	731	662	7767	411	705	2079449
780	768	784	795	412	99	218	187160
483	611	518	552	34284	389	4131	5002715
301	327	310	443	126223	1925	16606	10706730
533	429	626	650	23685	1145	2036	2361518
848	852	848	842	90	22	55	44743
832	810	830	829	132	40	74	61052
266	189	418	522	166983	5537	8012	6147597
517	666	599	660	26892	270	2563	2120042
31	26	41	33	12663867	345111	918681	2413840541
535	324	528	434	23654	1954	3933	11059127
472	526	436	467	38066	712	7267	8923289
388	240	372	392	68380	3684	10860	13985120
319	372	205	126	111739	1523	44539	204240102
397	423	398	311	62896	1160	9258	27458666
148	212	157	186	672451	4636	86032	101323706
395	344	507	573	63423	1688	4313	4414785
163	202	189	169	553454	5001	54775	116514761
734	676	725	536	1666	258	733	5761974
100	108	119	138	1701917	16558	157801	161086898
748	722	734	755	1240	185	636	498222
693	678	683	707	4132	257	1347	1129585
700	672	689	507	3511	263	1283	6754814
299	588	256	416	126507	451	27326	11855187
35	29	48	52	8068098	294264	721228	1037349843
555	341	529	414	19442	1729	3869	11983880
624	401	641	633	11010	1278	1847	2767815
486	484	304	268	33906	873	18279	41852053
250	333	216	335	195124	1856	40482	22853170
4	2	7	4	139464941	8919913	5587375	21826582220
151	51	175	111	651977	70949	64543	262784685
149	111	186	193	665856	15758	57042	91689038
194	74	292	262	383860	34616	19624	44273839
75	100	72	43	2472472	19553	408637	1515162091
190	121	173	175	401597	13458	66299	112009482
131	84	182	136	814914	29941	59354	170604242
50	49	54	75	4680836	80005	562290	603648781
234	244	280	329	221598	3618	22670	23602417
729	763	759	725	1980	109	394	959379
518	766	461	533	26599	101	6086	5866332
298	306	383	400	126542	2177	10239	13539255
315	316	376	328	112535	2108	10547	23972866
693	674	697	709	4132	260	1146	1119645
564	496	667	639	17916	830	1511	2613876
799	829	781	766	281	33	232	385571
488	455	593	612	33581	1012	2610	3216575
45	37	83	45	5352638	253509	354396	1472409294
479	248	545	344	35612	3429	3458	21661314
409	609	387	402	58098	391	9907	13463870
538	312	537	472	23356	2138	3713	8433196
390	326	301	118	67087	1938	18463	221957395
532	421	536	433	23721	1167	3736	11222867
610	594	660	523	12224	429	1605	6111506
60	104	65	99	3566224	18171	468796	329768650
348	271	283	352	92984	2798	21680	20760079
1	1	2	1	654163757	44349908	38777351	99519138751
72	34	102	64	2572276	264007	238727	751963674
55	56	23	73	4014492	56676	2723642	652494148
90	31	126	85	1925538	284486	142626	444379809
41	64	28	17	5892332	44367	1904114	6237655420
110	53	117	79	1412486	64123	161071	512654348
67	28	133	90	2879318	321841	128453	393744597
14	22	9	36	36453984	372748	4934496	2139760734
43	50	62	69	5739818	74254	495137	692614433
577	456	558	531	15816	1008	3215	5905634
365	637	471	603	80718	315	5603	3536508
551	489	533	625	20153	848	3778	2983107
523	575	448	305	25780	526	6658	29620401
220	392	209	295	263119	1382	44164	33277472
6	3	8	8	82234166	7955851	5404897	12805818767
225	80	243	178	246595	31538	31897	110395328
177	171	225	232	451208	6521	37214	60847084
210	58	255	235	291557	54467	27647	57732456
140	110	112	67	734168	15860	189116	706079006
355	137	358	292	90284	9984	12200	34545896
327	136	424	325	105856	10165	7771	24445065
56	71	42	97	3981014	36166	880926	345943212
54	48	79	77	4235601	80954	368654	541795343
688	606	695	687	4603	401	1211	1565338
747	747	768	760	1257	140	301	426300
643	519	673	692	8799	739	1497	1485166
503	616	337	313	30196	377	13960	26847125
127	354	129	254	839466	1637	132848	47290823
46	63	51	63	5272462	44693	616443	771267964
680	667	705	495	5051	269	1003	7205685
649	618	643	714	7871	368	1820	1045703
216	545	188	281	272447	638	55880	38205534
333	290	451	491	102035	2392	6589	7691935
25	25	18	20	15487002	348344	3184073	4304575400
415	255	357	283	55500	3136	12219	37220842
226	548	318	269	241040	634	16163	41346861
382	231	326	273	71098	3909	15218	40401317
387	245	251	150	69204	3604	28553	143576117
366	358	313	258	80181	1628	16457	46596589
144	225	144	249	682736	4061	113092	49823012
578	504	659	664	15720	799	1610	2057832
271	334	388	492	160363	1852	9866	7479641
30	17	40	34	14874305	612973	1058907	2219754289
346	199	390	337	93198	5153	9781	22707935
706	758	749	721	3203	114	496	983233
435	522	455	511	49915	728	6314	6645368
447	180	504	528	45779	5846	4381	6020282
349	427	334	221	92822	1154	13989	67463865
477	287	579	401	36072	2430	2799	13493648
70	120	75	149	2675734	13586	401785	144365483
612	523	651	674	11949	718	1700	1914922
277	649	242	468	150347	294	32069	8688619
337	508	290	293	96662	796	20265	33873562
202	196	235	260	322057	5217	34908	45190904
754	738	744	745	1004	160	551	640244
618	661	653	690	11508	279	1669	1526883
265	310	478	534	168347	2150	5456	5777715
314	265	325	383	114162	2898	15239	15451531
5	4	5	5	117775179	5314326	8010665	19776267255
182	72	206	180	432381	35506	44534	110211232
157	170	193	184	602234	6621	51796	105513285
251	123	278	239	193349	13334	23145	56345889
44	90	27	22	5471551	24080	2005717	4061367027
174	97	224	197	465166	19923	38181	89135810
209	86	293	233	297222	24828	19181	58811604
18	42	20	44	20890151	125625	3142935	1504492857
273	241	428	479	158300	3654	7446	8265691
135	143	161	176	750725	9326	81960	111863591
744	733	737	749	1312	167	605	597115
322	608	309	489	110059	392	17020	7835609
413	402	464	432	56454	1275	6080	11239471
193	314	238	357	384089	2116	33086	19523484
133	127	181	226	781797	12626	59967	65509075
829	814	835	827	137	38	71	64029
820	823	820	822	168	36	84	79508
455	558	470	550	43426	593	5609	5064004
170	182	253	306	485157	5790	28049	28301612
559	665	517	526	18189	271	4160	6043662
463	286	354	430	39888	2436	12229	11278246
58	59	90	74	3699320	53119	294745	630179108
594	550	559	551	13889	627	3171	5018072
582	568	582	614	15201	560	2750	3159612
634	586	614	498	9949	471	2260	7051096
161	377	184	300	563581	1468	57355	31238313
345	320	433	455	93201	1986	7354	9591637
859	852	856	857	63	22	48	29052
661	681	605	679	6434	253	2468	1795475
292	443	442	312	130121	1062	6954	27283872
519	444	562	601	26551	1050	3061	3570728
831	843	840	832	134	27	67	56185
189	112	178	130	406058	15653	61655	187759241
809	777	818	804	234	76	87	123429
727	681	712	608	2023	253	885	3387421
422	564	361	246	52286	571	11819	50459406
605	582	526	595	12723	483	3942	3703601
212	295	311	355	282542	2318	16565	20281190
653	708	684	695	7018	213	1329	1331863
342	347	365	452	95766	1665	11623	9917112
528	428	553	559	24684	1150	3306	4822757
723	696	717	710	2276	237	832	1109361
391	389	527	613	66929	1391	3939	3208421
21	16	46	28	16949196	696224	783343	2944013304
316	130	316	267	112403	11520	16263	42133943
534	457	508	494	23656	1002	4286	7359777
330	124	391	331	104361	13241	9714	23500313
152	169	89	54	651228	6652	308771	906771512
291	302	323	185	134881	2242	15565	103435537
244	139	237	265	201932	9717	33122	43060163
247	260	291	362	199393	3056	19934	18548064
71	52	55	61	2586956	65905	552222	788952655
685	555	615	382	4763	607	2222	15590401
673	584	688	542	5689	477	1285	5365212
255	417	132	134	186492	1196	129168	175170922
782	772	805	792	393	92	129	210873
53	39	69	55	4402898	183638	442223	897630978
601	533	543	543	13214	681	3603	5275999
560	461	554	582	18183	983	3253	4235689
442	378	333	218	47024	1455	14226	70457509
246	400	221	315	201329	1287	38868	26755789
203	228	257	291	321774	3941	27096	34557573
598	663	482	412	13575	274	5355	12126743
145	218	179	227	682628	4438	61201	64938173
789	799	809	756	328	46	119	487551
23	21	38	27	16322725	373836	1106536	3103087063
240	249	196	208	210678	3375	50551	74553829
512	602	487	549	27587	411	5227	5075697
458	232	496	441	42562	3884	4802	10785851
364	435	234	183	82649	1112	35053	105664536
87	214	82	145	1962985	4614	356594	145921242
57	83	50	49	3815802	30153	617895	1231943199
682	626	662	663	4905	349	1586	2062097
487	546	440	462	33824	635	7007	9313151
338	425	217	123	96291	1159	40262	213353143
186	340	136	141	421570	1733	123692	153266130
777	762	794	787	516	110	176	259985
167	164	249	323	527876	7124	30651	24494409
739	705	733	563	1466	222	675	4703236
514	481	437	252	27351	896	7241	49218689
33	23	30	23	10812761	372717	1832657	4012525176
438	234	349	343	48576	3847	12439	21719682
581	293	539	593	15324	2339	3653	3750892
496	303	397	250	32400	2217	9288	49725990
134	297	108	199	775180	2278	202191	87837431
321	366	473	537	110093	1588	5539	5639467
751	731	740	754	1193	169	577	500601
656	651	617	661	6836	292	2171	2102874
420	407	499	581	52736	1254	4644	4249928
768	760	791	780	726	111	204	295349
515	514	618	652	27220	761	2162	2356393
730	739	736	742	1978	157	623	687772
223	273	229	251	254402	2743	36544	49503153
61	95	24	24	3333597	20509	2701775	3506805521
125	156	218	264	860805	7704	40063	43250581
83	318	91	124	2161302	2036	291866	211349878
106	78	145	153	1470690	32254	110345	135557985
549	384	574	538	20527	1441	2829	5569922
665	616	690	701	6090	377	1277	1242495
613	653	444	327	11903	289	6800	24169827
238	323	262	364	212655	1956	26022	18166987
7	5	13	9	73732250	3931991	4359024	12753406955
221	103	272	174	261928	18430	24354	112322033
124	155	236	231	910220	7707	33885	61230518
137	55	147	144	741989	57058	109088	146781124
107	148	81	70	1458939	8584	358335	672383181
335	183	329	263	99957	5731	14683	43468615
196	177	261	220	379432	6187	26580	69432065
79	91	71	131	2270217	23428	421866	185604019
489	405	588	655	33513	1264	2684	2188945
690	683	711	728	4461	252	891	934109
9	8	21	10	56448164	3278394	2903548	11357727473
341	149	295	230	95895	8204	18826	61292719
293	291	277	279	130096	2389	23212	38526656
540	308	519	519	22895	2165	4124	6272112
403	283	320	164	60667	2485	16072	121444472
648	559	622	548	8136	591	2142	5099725
130	168	116	154	820263	6741	169980	135368439
332	365	480	525	102126	1592	5387	6093979
657	717	663	720	6660	197	1582	984638
120	140	135	116	987602	9621	124842	231998461
336	661	166	341	99719	279	71907	21926425
468	379	500	544	38352	1453	4500	5229259
410	356	416	423	57992	1633	8055	11536558
66	79	94	62	2942070	31751	286729	778413413
609	614	490	450	12503	383	5119	9958734
527	560	523	488	25014	587	4029	7845185
389	579	371	346	67122	516	10924	21285133
466	515	457	482	39008	757	6211	8078043
474	441	596	649	36379	1072	2585	2370323
597	511	611	667	13631	780	2300	2034409
788	780	811	798	329	72	114	179538
80	93	60	53	2242864	21350	500442	948792316
728	648	714	605	2008	296	864	3399483
807	785	800	803	246	64	140	126815
371	534	420	546	78664	680	7942	5179202
396	355	533	571	62908	1635	3778	4555478
579	675	607	688	15354	259	2387	1546846
270	200	276	155	162029	5137	23264	134144906
703	645	706	460	3337	299	974	9466473
449	593	271	348	45045	432	24609	20991501
153	89	171	87	640211	24358	69309	418192663
794	783	797	796	299	65	160	180037
717	678	716	671	2688	257	840	1924978
460	300	362	204	41225	2258	11728	83162070
159	373	98	205	572510	1522	263541	79914288
426	473	432	419	51512	929	7367	11756580
29	19	35	38	14927193	474373	1197504	2000063346
520	438	472	385	26324	1103	5555	15039413
565	594	577	628	17891	429	2811	2936991
556	502	548	575	19344	817	3441	4377236
305	317	267	82	120354	2075	25224	478216179
622	612	655	565	11110	387	1666	4689158
74	272	73	139	2521331	2769	408056	155295569
334	462	342	403	100834	982	13245	13091824
775	765	796	789	528	102	162	243446
861	857	862	862	41	18	26	15815
268	253	382	371	164019	3205	10275	16770394
660	538	668	658	6469	656	1504	2166587
835	814	843	826	126	38	65	64715
854	829	854	843	77	33	52	44638
736	730	731	727	1593	170	705	934158
156	113	191	261	608306	15054	52575	45080839
743	719	743	641	1316	196	564	2574810
679	630	701	704	5104	341	1062	1189157
108	289	66	168	1436629	2397	458397	117658512
310	370	377	381	116409	1558	10443	15635810
269	278	434	516	162514	2548	7347	6342071
848	855	853	840	90	21	53	46825
672	717	702	702	5749	197	1055	1241285
237	191	169	132	213043	5426	69913	180607678
758	731	748	547	921	169	507	5134823
761	733	751	747	864	167	465	621772
378	583	245	420	73696	481	31198	11752859
282	267	375	446	145479	2875	10604	10458703
65	67	103	104	2953199	43283	236101	296312306
708	654	720	732	3127	288	812	912564
667	587	677	737	6011	452	1419	871400
385	298	282	172	70418	2266	21716	112993601
295	336	298	415	129221	1836	18611	11968145
467	501	393	592	38578	820	9488	3863090
94	96	148	159	1838371	20438	101672	130535195
808	789	801	812	241	60	135	102450
767	740	763	788	753	152	346	257708
392	542	366	527	64240	643	11513	6028316
400	445	439	356	61151	1048	7168	20033715
585	500	594	622	14738	823	2597	3017845
281	288	346	476	145857	2410	12719	8349106
195	165	203	284	381405	7049	45785	36714323
726	748	708	753	2053	138	936	501158
684	707	604	717	4886	216	2474	993009
670	721	563	642	5826	192	3056	2559221
172	576	141	299	481222	523	120214	31990082
147	186	156	188	675586	5694	86990	98391665
329	342	460	532	105103	1718	6091	5881593
804	776	817	820	259	77	93	86449
696	723	691	711	4068	184	1275	1099935
863	862	863	863	14	8	3	1206
451	299	458	408	44316	2262	6142	12625678
197	578	176	278	368087	521	62197	38581560
485	723	422	319	34112	184	7867	25625631
502	557	597	626	30267	601	2583	2966335
49	43	74	76	4767602	122788	401882	550527375
567	446	589	554	17119	1044	2680	4914128
418	393	479	569	54094	1360	5411	4576543
675	580	646	513	5569	507	1769	6568936
103	280	49	103	1535921	2513	687837	301798958
77	66	96	98	2386926	43785	271937	344489556
763	774	760	757	847	86	364	486264
394	546	353	484	63590	635	12262	8006800
384	361	410	358	70858	1616	8366	19411770
254	262	260	349	187921	2970	26822	20911229
446	487	521	574	45876	853	4093	4388849
96	44	63	91	1795014	109307	476372	386819068
28	38	4	7	14996258	192877	9859392	14363209681
141	261	104	146	732041	2990	215507	144525620
762	754	750	758	858	130	485	457247
19	516	16	40	20400362	756	4018133	1902259712
284	369	288	276	142330	1560	20719	39383267
765	736	790	769	784	165	208	377891
839	808	848	852	108	42	55	32353
113	477	87	102	1371774	914	316578	307279528
288	315	347	387	138635	2112	12624	14842069
822	835	829	821	165	30	75	82654
658	691	627	668	6649	242	2021	2004400
73	68	78	60	2539987	42340	388651	806943102
687	566	634	424	4703	568	1922	11498962
740	773	758	694	1457	88	395	1346052
589	615	449	345	14331	379	6604	21403695
516	634	469	570	26962	327	5648	4557645
82	60	95	50	2184377	50473	278817	1186604083
621	570	565	425	11354	557	3035	11445555
600	488	549	411	13295	851	3419	12160145
286	279	219	121	140161	2538	39498	214897177
175	412	128	214	460393	1231	136092	72631761
181	115	201	165	432623	14631	47774	120725398
779	790	787	800	413	59	217	160632
260	565	210	245	178977	570	44116	51207123
628	521	670	606	10413	735	1500	3393794
784	792	779	761	374	52	233	400910
354	458	332	395	90547	997	14382	13845666
115	94	114	113	1325641	20772	175214	244393125
713	597	704	683	2950	426	1036	1741121
718	620	718	697	2605	361	821	1300846
633	581	598	280	10044	494	2570	38300821
596	566	513	481	13747	568	4210	8163911
59	46	47	46	3641709	86169	761923	1467063189
668	596	635	591	5959	428	1902	3897005
343	499	409	369	95428	826	8430	17144698
239	173	330	303	212450	6516	14676	30216867
631	688	592	669	10066	247	2646	1977448
800	770	810	799	274	93	115	172315
362	385	427	308	84777	1435	7572	27897316
698	633	729	646	3735	328	709	2425841
368	471	453	406	79293	937	6462	12960617
214	185	185	128	278382	5713	57139	198723718
827	805	830	855	143	43	74	31115
158	569	134	222	589050	559	124918	66977539
296	350	264	285	128460	1651	26008	36416511
192	203	273	347	395979	4981	24307	21234557
833	832	833	831	131	32	72	57168
461	640	403	354	40375	308	8969	20289818
160	157	263	320	564208	7606	26017	25340230
381	387	522	615	72150	1427	4038	3147110
778	786	774	807	440	63	256	112562
853	851	856	848	78	23	48	38027
669	686	674	691	5885	251	1496	1497844
218	247	322	342	268851	3577	15729	21851565
139	116	174	194	736203	14005	64579	91523308
795	791	793	806	298	58	198	115964
860	860	861	856	45	14	31	30762
339	624	244	367	96139	355	31261	17538723
168	138	164	120	497824	9770	74809	221234975
701	659	658	530	3476	281	1626	5975965
509	605	445	332	28130	409	6782	23333681
128	307	110	115	833592	2172	195553	233418825
725	647	753	733	2087	298	445	894546
10	13	17	18	43287316	1391669	3594015	5708269386
227	105	266	238	237686	17084	25612	56895891
495	493	494	426	32590	836	4838	11361836
536	449	485	572	23366	1029	5266	4514891
427	215	486	459	51335	4565	5239	9506278
441	296	338	213	47308	2285	13944	72948126
317	178	368	366	111971	6151	11320	17793174
69	161	56	129	2704428	7325	543731	192798997
68	69	92	94	2735448	41163	288703	360384946
595	669	524	681	13775	265	4028	1764999
417	638	340	510	54424	314	13570	6654305
347	863	241	244	93121	5	32220	51834114
324	410	501	535	108478	1235	4440	5770096
26	20	37	35	15138769	432132	1132946	2140800727
493	349	516	451	32928	1656	4179	9943122
619	619	657	624	11448	362	1640	2990263
571	535	520	584	16674	662	4121	4133759
566	304	573	623	17862	2206	2836	2998787
306	525	180	173	120039	713	60128	112345961
126	257	123	242	839527	3092	150460	54001564
243	346	419	508	202865	1672	7977	6709744
550	602	510	497	20337	411	4273	7123469
283	403	350	473	145221	1267	12361	8413442
755	737	771	781	980	161	276	293699
617	527	678	659	11540	710	1410	2129840
795	779	803	801	298	73	132	141145
91	126	124	110	1925177	12781	143873	268680165
731	692	726	730	1788	241	717	923436
228	469	239	360	235343	941	32949	18694519
553	440	581	558	19873	1096	2760	4831060
674	694	707	716	5652	240	949	1037557
235	237	199	161	221413	3722	48737	127071721
576	697	476	304	15868	235	5513	29775269
278	713	146	202	147441	207	109652	84846545
179	256	222	316	444333	3106	38477	26345531
311	207	250	271	115633	4744	28800	40896207
738	759	769	785	1503	112	287	264821
431	404	431	539	50387	1265	7387	5567387
217	251	300	298	269407	3292	18484	31994320
399	328	532	568	62313	1919	3783	4625756
208	224	170	163	297334	4118	69375	121716908
746	725	735	723	1275	181	635	972882
676	704	652	689	5474	224	1691	1536922
433	439	438	409	50260	1101	7179	12397983
353	275	477	561	90977	2661	5493	4744046
407	360	489	428	58738	1620	5125	11316700
494	449	610	616	32691	1029	2303	3132201
352	552	506	545	91749	609	4331	5211220
852	849	852	850	80	25	54	34181
11	9	26	16	41672529	1676273	2412334	7041220814
259	122	297	248	181909	13405	18648	49868539
416	274	498	363	54942	2713	4672	18327777
249	198	215	259	197007	5203	40931	45598146
184	81	200	200	427507	31173	48253	86281902
116	197	76	72	1043250	5211	389593	654557885
398	230	488	422	62639	3918	5222	11634145
48	85	58	81	4821407	24875	532314	488881436
129	205	151	212	820852	4933	95523	73016561
185	284	194	207	423363	2471	51332	77210205
548	742	384	675	20639	147	10148	1896523
498	486	645	607	31349	858	1781	3391211
274	276	302	270	157107	2649	18338	41169903
791	793	798	741	308	51	145	741028
383	651	252	464	71011	292	28437	9202759
12	7	14	12	41412900	3394789	4044642	9238726161
198	102	167	211	365084	18691	70862	73439020
258	236	228	215	183004	3730	36750	71345583
280	118	258	275	145934	13756	27020	39679257
230	166	154	127	229874	6970	92307	203049560
370	172	343	290	78674	6517	12868	35198370
325	150	450	377	107754	8081	6596	16196329
86	82	88	119	1980004	30788	310993	221576546
756	716	765	794	966	200	332	196310
155	211	195	253	611379	4663	50622	48189390
825	832	828	830	151	32	76	60016
862	858	860	861	38	16	32	21587
666	692	672	713	6057	241	1498	1072369
300	281	425	388	126398	2503	7616	14835822
858	852	855	859	69	22	50	27557
821	850	807	845	166	24	125	42100
465	397	603	611	39083	1307	2491	3238732
608	536	653	672	12557	657	1669	1922669
847	835	845	844	91	30	63	43319
470	376	513	594	38127	1482	4210	3722683
659	683	632	699	6567	252	1969	1269241
294	382	308	336	129271	1444	17046	22823754
34	35	31	29	9822425	261133	1661878	2905645000
558	419	512	469	18622	1178	4215	8653109
508	485	435	480	28601	869	7346	8221742
587	395	567	578	14436	1338	3002	4333680
351	187	246	156	92640	5687	31122	133604770
563	396	606	610	18035	1320	2438	3281109
142	322	120	187	719031	1982	152315	100464349
707	805	721	676	3201	43	799	1895555
356	422	392	454	90114	1166	9630	9631540
8	6	10	6	70628034	3663381	4738423	17985372595
331	125	348	216	104327	13206	12510	71237708
478	348	587	309	35664	1658	2693	27660444
188	210	160	189	417046	4680	83526	97609831
222	73	247	179	255753	35356	31105	110328179
85	135	59	30	2081886	10266	519389	2595864543
328	193	294	236	105328	5346	18866	57382972
264	153	355	182	170324	7887	12227	106954680
39	47	39	39	5998225	85581	1086655	1913089634
405	420	492	590	60416	1173	4965	3910878
663	709	696	708	6190	212	1151	1127541
206	258	233	255	315495	3077	35105	47269186
662	687	670	541	6392	250	1500	5412020
200	204	230	196	352111	4959	36209	89724121
722	676	692	266	2407	258	1239	42587232
591	726	503	440	14251	178	4401	10812251
408	433	312	88	58110	1120	16462	416847393
529	538	541	393	24202	656	3622	13855927
143	133	187	277	697433	10397	56042	38625178
287	505	254	376	140109	798	27765	16367220
169	142	130	151	494838	9555	132305	140880920
290	223	364	404	136902	4184	11682	12993386
801	814	815	819	265	38	95	87551
434	383	341	368	50244	1442	13446	17537342
689	750	616	693	4501	135	2205	1451904
562	697	515	619	18053	235	4200	3053526
219	282	314	405	263159	2487	16367	12962556
824	814	822	824	154	38	82	70765
414	601	400	391	55833	415	9246	14035033
607	532	676	657	12606	682	1474	2175132
715	727	722	739	2742	177	748	830214
16	62	12	41	23164127	45413	4535035	1674014000
114	627	44	96	1358724	345	850557	351979415
47	33	77	71	4916746	266470	389543	670152981
604	464	585	629	12905	976	2704	2935585
510	520	465	505	28029	738	6039	6910495
199	229	248	310	361359	3929	31089	27464054
201	134	190	135	329425	10355	54089	175027861
654	572	569	162	6929	548	2969	123604855
630	635	591	645	10071	324	2675	2444794
40	41	68	59	5951089	144893	449723	814131321
588	364	612	515	14332	1595	2295	6377824
375	285	429	471	75125	2463	7400	8500926
711	621	698	599	3074	358	1130	3593141
402	538	356	475	60960	656	12224	8363571
52	45	84	66	4424948	100948	351923	725264584
637	544	625	557	9527	639	2066	4853018
511	482	497	604	28025	891	4702	3528729
297	238	270	109	128311	3713	25063	271145208
525	338	628	444	25472	1750	2013	10650804
304	496	317	456	121020	830	16166	9579318
505	447	590	600	29330	1037	2679	3591180
459	720	411	598	42317	195	8317	3625558
473	426	443	566	37367	1157	6806	4670804
792	808	777	765	305	42	236	388239
231	132	165	100	229023	10511	74161	319364033
285	131	331	333	141528	10847	14643	23055348
626	668	568	517	10742	267	2975	6317827
76	87	45	93	2450856	24645	807526	362032286
105	65	125	108	1495811	44276	143011	272353980
526	448	430	287	25064	1036	7398	35706169
651	700	613	648	7751	233	2282	2374283
709	636	713	718	3107	320	884	989106
326	430	212	322	106429	1142	42519	24522026
482	543	595	602	35072	642	2589	3569139
32	40	36	32	11224429	181790	1197328	2486753653
647	563	571	478	8165	574	2913	8287621
63	472	137	105	3128993	936	122540	295322023
636	474	642	586	9714	928	1835	4100193
450	359	328	147	44670	1624	14976	144438611
267	410	198	195	164675	1235	49979	90013331
506	505	640	621	29271	798	1876	3042502
692	715	685	734	4208	206	1316	891395
323	368	399	442	110029	1561	9249	10762354
367	184	275	314	79924	5714	23977	26783381
584	502	636	635	14781	817	1887	2683153
640	671	619	678	9320	264	2147	1892997
176	194	211	225	455387	5332	44108	65653632
774	767	762	784	559	100	356	273547
720	733	656	653	2540	167	1649	2263247
677	699	681	696	5299	234	1405	1310531
15	15	6	11	32393658	889386	5900050	10473952587
471	233	459	394	38100	3881	6105	13852985
480	414	408	487	35446	1207	8575	7858571
543	264	550	580	21811	2904	3377	4269117
213	335	158	133	280393	1850	85827	175940559
554	512	602	588	19526	772	2501	4023629
376	192	380	438	74516	5386	10368	10854189
84	117	57	152	2123988	13856	534572	137481080
123	146	163	206	954855	8964	77686	78678236
790	786	784	778	326	63	218	346905
318	576	319	474	111841	523	16078	8383608
253	277	336	436	188593	2611	13963	11031738
89	70	100	56	1938949	39337	246060	890117662
625	551	546	504	10970	626	3446	6917990
454	549	352	351	43601	632	12301	20878343
671	590	665	634	5802	450	1535	2719499
232	475	107	65	228267	920	203062	727083740
111	252	86	106	1398064	3241	336002	291755315
531	220	511	553	23836	4264	4249	4923030
263	160	177	234	170473	7333	61695	58270620
245	152	204	228	201533	7893	45376	63657089
524	524	540	524	25550	714	3650	6094367
419	398	552	555	53817	1290	3318	4890133
95	77	106	57	1800944	32564	203132	854366622
733	650	727	705	1689	293	714	1184867
623	627	555	576	11102	345	3243	4345220
302	406	223	142	126012	1257	38358	150154750
132	386	142	114	813965	1432	119834	236558527
138	190	153	170	738050	5435	92707	115378034
759	746	741	698	914	141	570	1291145
429	584	286	457	50408	477	20837	9524710
42	27	53	42	5878334	336169	598446	1534880140
507	353	426	317	29169	1640	7574	26009712
705	701	648	682	3233	229	1723	1758533
599	442	495	447	13330	1066	4804	10444497
404	309	281	101	60623	2162	22256	311203248
178	339	131	217	444947	1745	132147	70812759
614	478	675	654	11878	906	1483	2226182
704	706	699	731	3310	220	1125	919718
257	269	369	396	184565	2835	11287	13815567
781	782	775	770	396	71	253	376692
843	829	840	838	104	33	67	49298
561	642	474	620	18096	305	5522	3052176
109	61	105	137	1422329	46445	208907	164671726
602	209	623	637	13144	4698	2105	2678023
309	413	269	429	117327	1230	25185	11300218
586	466	609	556	14583	963	2339	4881064
721	728	729	726	2462	175	709	947393
492	465	462	589	33175	969	6084	3930363
805	832	783	777	258	32	220	358606
374	337	483	502	75334	1783	5331	6952478
691	689	715	719	4241	246	863	987657
27	12	32	26	15025254	1396887	1409536	3223964812
501	263	446	373	30558	2911	6728	16487620
750	751	761	751	1238	134	361	563579
252	529	414	486	188623	701	8104	7886623
312	114	321	339	114787	14999	15771	22332223
462	213	370	219	40299	4619	11228	70106102
98	99	80	140	1774272	19757	368591	153864747
544	513	630	609	21746	768	2004	3319946
714	728	710	722	2774	175	921	973852
93	163	118	92	1899111	7130	159291	371475540
710	655	666	540	3085	283	1524	5513543
830	842	837	815	135	28	69	94783
393	639	404	506	63851	310	8893	6868315
593	531	647	673	13890	696	1759	1918046
632	483	650	680	10051	883	1701	1792598
798	810	782	774	283	40	228	366821
570	541	577	521	16722	649	2811	6181274
457	494	580	636	42948	834	2782	2682991
491	492	566	370	33366	838	3030	16978711
340	367	396	431	95948	1587	9387	11271623
313	319	395	307	114543	1989	9403	27905295
823	823	821	816	164	36	83	92779
839	825	842	833	108	35	66	52267
541	683	542	627	22045	252	3620	2958427
22	24	29	19	16921797	361114	1843449	5665824006
583	490	586	296	15003	847	2696	32658453
453	330	491	375	43812	1903	5092	16406434
497	476	466	435	32363	916	6018	11045514
436	371	363	359	49385	1542	11716	18976275
421	432	289	192	52450	1126	20592	92701954
580	562	664	518	15353	580	1569	6305030
236	242	207	224	213183	3641	44257	65697837
92	109	61	80	1924838	16260	495171	489824266
699	613	687	493	3512	385	1286	7460841
697	669	633	670	3837	265	1933	1965722
573	556	415	579	16145	604	8103	4282964
638	389	678	632	9459	1391	1410	2798528
97	144	52	107	1793809	9101	611527	278683800
773	756	757	735	620	117	407	882459
749	712	745	773	1239	208	533	367276
191	536	121	191	401002	657	151532	93388582
164	162	240	274	552750	7299	32888	39802224
443	643	389	389	46871	302	9857	14702852
574	703	570	631	16092	227	2928	2806785
379	453	359	470	73313	1020	12130	8623332
620	509	668	666	11431	789	1504	2049520
17	30	19	21	22666209	286194	3174467	4276152947
377	266	378	380	74193	2894	10383	15900264
539	243	560	496	22973	3622	3100	7161897
445	362	305	198	46122	1607	17842	88856658
500	454	547	410	30845	1013	3443	12345242
101	217	101	160	1665866	4449	244033	129960512
215	167	307	353	277877	6756	17358	20527300
766	858	764	685	766	16	339	1630946
62	175	99	166	3165657	6246	248751	119266740
772	753	766	743	631	132	314	677760
826	814	835	828	149	38	71	62879
261	632	268	439	173186	329	25217	10845862
38	195	22	31	6150545	5307	2869912	2583439335
207	221	231	338	311037	4263	36155	22629236
814	798	803	818	198	47	132	90282
272	554	208	386	158850	608	44201	14888663
2	18	3	2	307754543	483720	21394840	96184895146
683	796	724	729	4898	48	743	925904
635	451	639	638	9829	1027	1880	2637334
545	374	502	499	21532	1519	4409	6996018
611	375	576	560	12194	1505	2822	4777556
616	507	556	583	11760	797	3223	4135128
629	510	620	643	10165	788	2143	2516681
572	495	574	577	16452	832	2829	4341097
476	325	401	465	36257	1952	9193	9016963
522	388	467	500	25810	1419	5933	6957048
437	311	386	453	49293	2144	10024	9643250
448	408	335	490	45509	1240	13964	7817019
530	600	405	564	23964	418	8739	4701451
695	788	631	724	4084	61	1976	966516
357	381	509	514	89847	1448	4277	6428429
760	740	746	779	875	152	517	318863
575	625	531	677	16080	351	3789	1893194
279	226	345	397	146509	3975	12797	13804007
386	434	394	501	70001	1116	9413	6956724
552	452	608	596	19951	1024	2376	3649324
811	802	802	811	214	44	133	103854
818	793	813	764	177	51	104	395457
320	467	299	286	110959	960	18535	36193307
173	154	226	243	475328	7759	36956	52476317
592	643	484	334	14100	302	5286	22895891
639	623	601	597	9439	356	2545	3646030
171	270	192	282	482244	2830	52572	37566623
813	802	812	817	201	44	112	91729
803	835	789	768	262	30	213	380110
537	468	583	640	23361	956	2721	2604525
802	780	798	809	264	72	145	108124
846	839	838	841	95	29	68	46245
732	742	742	762	1775	147	569	399843
344	352	421	427	93372	1643	7909	11352121
229	179	172	272	232164	5901	67311	40694654
119	176	67	157	1001606	6190	456368	132224309
764	757	755	783	789	115	425	274741
757	760	752	782	956	111	454	278220
681	713	572	372	4992	207	2847	16691083
303	552	279	418	122582	609	23140	11779999
122	75	140	181	966667	34141	120607	108831713
13	10	11	13	36891479	1631348	4597830	8737129173
430	219	385	318	50402	4318	10139	25750009
359	294	287	330	86032	2333	20833	23532369
440	159	413	390	47412	7366	8247	14410870
187	145	115	47	419398	9037	172654	1366228859
401	437	407	326	61083	1105	8591	24215691
51	151	33	89	4522182	7951	1341046	413044314
513	363	557	529	27441	1599	3217	5988725
785	783	788	805	366	65	216	121957
664	695	682	706	6168	238	1403	1170011
